L_Root 
TransKeyFrames:7
0.311001 24.418 -19.8241 70.8928
0.636 22.9508 -21.1946 71.9758
0.981001 22.2174 -19.5429 73.8786
1.295 22.3032 -20.3972 73.6194
1.599 22.9998 -19.0774 73.131
1.922 23.6276 -18.8979 72.842
2.286 24.212 -19.2428 71.9066
RotKeyFrames:7
0.311001 -3.10732 -1.44926 0
0.636 -12.9318 -2.00815 0
0.981001 -16.9965 -10.8741 0
1.295 -14.6607 -9.93819 0
1.599 -11.5489 -7.18776 0
1.922 -9.59083 1.25277 0
2.286 -7.66622 4.5078 0

L_ThumbRoot L_Root
TransKeyFrames:7
0.311001 0 0 0
0.636 0 0 0
0.981001 0 0 0
1.295 0 0 0
1.599 0 0 0
1.922 0 0 0
2.286 0 0 0
RotKeyFrames:7
0.311001 -1.84991 6.53911 0
0.636 6.07258 6.9075 0
0.981001 -2.25439 7.86971 0
1.295 3.10126 7.51489 0
1.599 -3.02693 7.85548 0
1.922 -10.749 6.38682 0
2.286 -14.9083 8.0919 0

L_IndexRoot L_Root
TransKeyFrames:7
0.311001 0 0 0
0.636 0 0 0
0.981001 0 0 0
1.295 0 0 0
1.599 0 0 0
1.922 0 0 0
2.286 0 0 0
RotKeyFrames:7
0.311001 -1.10998 0.460906 0
0.636 2.47688 5.09356 0
0.981001 -6.52228 22.6477 0
1.295 -5.85069 22.66 0
1.599 4.56571 -6.70943 0
1.922 -1.44539 2.47495 0
2.286 -10.474 20.3092 0

L_MiddleRoot L_Root
TransKeyFrames:7
0.311001 0 0 0
0.636 0 0 0
0.981001 0 0 0
1.295 0 0 0
1.599 0 0 0
1.922 0 0 0
2.286 0 0 0
RotKeyFrames:7
0.311001 -0.130999 -2.84954 0
0.636 2.29129 -6.58989 0
0.981001 1.82409 -6.47898 0
1.295 1.75753 -6.9066 0
1.599 1.98773 -8.45229 0
1.922 0.135977 -2.18084 0
2.286 -0.660457 2.63206 0

L_FourthRoot L_Root
TransKeyFrames:7
0.311001 0 0 0
0.636 0 0 0
0.981001 0 0 0
1.295 0 0 0
1.599 0 0 0
1.922 0 0 0
2.286 0 0 0
RotKeyFrames:7
0.311001 -1.07521 -7.51939 0
0.636 1.39829 -6.36047 0
0.981001 4.38371 -21.9868 0
1.295 3.47156 -24.0164 0
1.599 1.538 -23.0621 0
1.922 -0.515916 -10.9211 0
2.286 -0.633113 -10.1649 0

L_LittleRoot L_Root
TransKeyFrames:7
0.311001 0 0 0
0.636 0 0 0
0.981001 0 0 0
1.295 0 0 0
1.599 0 0 0
1.922 0 0 0
2.286 0 0 0
RotKeyFrames:7
0.311001 -2.71792 -12.2591 0
0.636 12.4093 -22.9553 0
0.981001 11.7847 -36.2629 0
1.295 11.8983 -36.4843 0
1.599 13.9471 -20.9741 0
1.922 -2.45251 -8.0733 0
2.286 -2.84269 -5.8912 0

L_ThumbMiddle L_ThumbRoot
TransKeyFrames:7
0.311001 0 0 0
0.636 0 0 0
0.981001 0 0 0
1.295 0 0 0
1.599 0 0 0
1.922 0 0 0
2.286 0 0 0
RotKeyFrames:7
0.311001 5.9668 4.5526 0
0.636 -0.808485 16.4992 0
0.981001 0.753532 15.5739 0
1.295 -0.710741 16.4711 0
1.599 -8.19468 16.6708 0
1.922 15.1602 -13.2052 0
2.286 10.2546 -12.7246 0

L_ThumbTip L_ThumbMiddle
TransKeyFrames:7
0.311001 0 0 0
0.636 0 0 0
0.981001 0 0 0
1.295 0 0 0
1.599 0 0 0
1.922 0 0 0
2.286 0 0 0
RotKeyFrames:7
0.311001 0 -0 0
0.636 0 -0 0
0.981001 0 -0 0
1.295 0 -0 0
1.599 0 -0 0
1.922 0 -0 0
2.286 0 -0 0

L_IndexMiddle1 L_IndexRoot
TransKeyFrames:7
0.311001 0 0 0
0.636 0 0 0
0.981001 0 0 0
1.295 0 0 0
1.599 0 0 0
1.922 0 0 0
2.286 0 0 0
RotKeyFrames:7
0.311001 -0.264136 0.407555 0
0.636 -1.61544 1.22688 0
0.981001 0.06498 0.0958618 0
1.295 0.0729743 0.138556 0
1.599 0 -0 0
1.922 -0.47859 0.805093 0
2.286 -0 -0 0

L_IndexMiddle2 L_IndexMiddle1
TransKeyFrames:7
0.311001 0 0 0
0.636 0 0 0
0.981001 0 0 0
1.295 0 0 0
1.599 0 0 0
1.922 0 0 0
2.286 0 0 0
RotKeyFrames:7
0.311001 -0.166039 0.258332 0
0.636 -2.9119 2.39356 0
0.981001 -0 -0 0
1.295 0 -0 0
1.599 -5.68175 6.6702 0
1.922 -3.72395 6.53361 0
2.286 -0.0633126 0.153772 0

L_IndexTip L_IndexMiddle2
TransKeyFrames:7
0.311001 0 0 0
0.636 0 0 0
0.981001 0 0 0
1.295 0 0 0
1.599 0 0 0
1.922 0 0 0
2.286 0 0 0
RotKeyFrames:7
0.311001 0 -0 0
0.636 0 -0 0
0.981001 0 -0 0
1.295 0 -0 0
1.599 0 -0 0
1.922 0 -0 0
2.286 0 -0 0

L_MiddleMiddle1 L_MiddleRoot
TransKeyFrames:7
0.311001 0 0 0
0.636 0 0 0
0.981001 0 0 0
1.295 0 0 0
1.599 0 0 0
1.922 0 0 0
2.286 0 0 0
RotKeyFrames:7
0.311001 -0.523357 2.32075 0
0.636 -3.14801 4.08511 0
0.981001 -0.0413974 0.0776518 0
1.295 -0 0 0
1.599 -1.00539 3.32069 0
1.922 -0 -0 0
2.286 -0.151756 0.640729 0

L_MiddleMiddle2 L_MiddleMiddle1
TransKeyFrames:7
0.311001 0 0 0
0.636 0 0 0
0.981001 0 0 0
1.295 0 0 0
1.599 0 0 0
1.922 0 0 0
2.286 0 0 0
RotKeyFrames:7
0.311001 -0.786693 3.71999 0
0.636 -0.00630518 0.00593338 0
0.981001 -0.0698256 0.135576 0
1.295 -0 -0 0
1.599 -0.903267 2.91417 0
1.922 -1.88564 5.84074 0
2.286 -1.05936 4.5933 0

L_MiddleTip L_MiddleMiddle2
TransKeyFrames:7
0.311001 0 0 0
0.636 0 0 0
0.981001 0 0 0
1.295 0 0 0
1.599 0 0 0
1.922 0 0 0
2.286 0 0 0
RotKeyFrames:7
0.311001 0 -0 0
0.636 0 -0 0
0.981001 0 -0 0
1.295 0 -0 0
1.599 0 -0 0
1.922 0 -0 0
2.286 0 -0 0

L_FourthMiddle1 L_FourthRoot
TransKeyFrames:7
0.311001 0 0 0
0.636 0 0 0
0.981001 0 0 0
1.295 0 0 0
1.599 0 0 0
1.922 0 0 0
2.286 0 0 0
RotKeyFrames:7
0.311001 3.35303 11.4054 0
0.636 0.00445413 -0.0184279 0
0.981001 -0.369901 0.489731 0
1.295 -0.33996 0.437738 0
1.599 -1.30128 3.73491 0
1.922 -0.594713 8.09247 0
2.286 -0.00185226 -0.0342046 0

L_FourthMiddle2 L_FourthMiddle1
TransKeyFrames:7
0.311001 0 0 0
0.636 0 0 0
0.981001 0 0 0
1.295 0 0 0
1.599 0 0 0
1.922 0 0 0
2.286 0 0 0
RotKeyFrames:7
0.311001 -0 -0 0
0.636 -0 0 0
0.981001 -0.223418 0.289203 0
1.295 -0.503326 0.66127 0
1.599 -0.775923 2.04513 0
1.922 -0.186882 2.04612 0
2.286 0.000377561 0.019504 0

L_FourthTip L_FourthMiddle2
TransKeyFrames:7
0.311001 0 0 0
0.636 0 0 0
0.981001 0 0 0
1.295 0 0 0
1.599 0 0 0
1.922 0 0 0
2.286 0 0 0
RotKeyFrames:7
0.311001 0 -0 0
0.636 0 -0 0
0.981001 0 -0 0
1.295 0 -0 0
1.599 0 -0 0
1.922 0 -0 0
2.286 0 -0 0

L_LittleMiddle1 L_LittleRoot
TransKeyFrames:7
0.311001 0 0 0
0.636 0 0 0
0.981001 0 0 0
1.295 0 0 0
1.599 0 0 0
1.922 0 0 0
2.286 0 0 0
RotKeyFrames:7
0.311001 -0.000509485 -0.0122377 0
0.636 -0 0 0
0.981001 -0.0542445 0.0720761 0
1.295 0 -0 0
1.599 -0.189753 0.619307 0
1.922 0.758198 3.60168 0
2.286 -0.000258408 0.00648122 0

L_LittleMiddle2 L_LittleMiddle1
TransKeyFrames:7
0.311001 0 0 0
0.636 0 0 0
0.981001 0 0 0
1.295 0 0 0
1.599 0 0 0
1.922 0 0 0
2.286 0 0 0
RotKeyFrames:7
0.311001 26.6049 31.138 0
0.636 0.0261835 14.3224 0
0.981001 -0.03049 0.0403541 0
1.295 -0 0 0
1.599 0.0126576 -0.0151831 0
1.922 4.444 17.918 0
2.286 0.332487 1.2502 0

L_LittleTip L_LittleMiddle2
TransKeyFrames:7
0.311001 0 0 0
0.636 0 0 0
0.981001 0 0 0
1.295 0 0 0
1.599 0 0 0
1.922 0 0 0
2.286 0 0 0
RotKeyFrames:7
0.311001 0 -0 0
0.636 0 -0 0
0.981001 0 -0 0
1.295 0 -0 0
1.599 0 -0 0
1.922 0 -0 0
2.286 0 -0 0

R_Root 
TransKeyFrames:7
0.311001 -19.4497 -20.5228 71.6828
0.636 -18.5877 -20.114 72.3364
0.981001 -18.7435 -22.9076 71.4998
1.295 -18.5193 -23.3314 72.045
1.599 -19.6952 -19.9955 74.0454
1.922 -20.6584 -21.3106 72.1372
2.286 -21.0402 -21.6676 71.2642
RotKeyFrames:7
0.311001 52.9135 0.0496333 0
0.636 40.7574 -16.6208 0
0.981001 39.5859 -18.7665 0
1.295 42.134 -21.4687 0
1.599 42.906 -20.5429 0
1.922 46.1485 -5.10541 0
2.286 46.098 2.368 0

R_ThumbRoot R_Root
TransKeyFrames:7
0.311001 0 0 0
0.636 0 0 0
0.981001 0 0 0
1.295 0 0 0
1.599 0 0 0
1.922 0 0 0
2.286 0 0 0
RotKeyFrames:7
0.311001 -1.84991 6.53911 0
0.636 6.07258 6.9075 0
0.981001 -2.25439 7.86971 0
1.295 3.10126 7.51489 0
1.599 -3.02693 7.85548 0
1.922 -10.749 6.38682 0
2.286 -14.9083 8.0919 0

R_IndexRoot R_Root
TransKeyFrames:7
0.311001 0 0 0
0.636 0 0 0
0.981001 0 0 0
1.295 0 0 0
1.599 0 0 0
1.922 0 0 0
2.286 0 0 0
RotKeyFrames:7
0.311001 -1.10998 0.460906 0
0.636 2.47688 5.09356 0
0.981001 -6.52228 22.6477 0
1.295 -5.85069 22.66 0
1.599 4.56571 -6.70943 0
1.922 -1.44539 2.47495 0
2.286 -10.474 20.3092 0

R_MiddleRoot R_Root
TransKeyFrames:7
0.311001 0 0 0
0.636 0 0 0
0.981001 0 0 0
1.295 0 0 0
1.599 0 0 0
1.922 0 0 0
2.286 0 0 0
RotKeyFrames:7
0.311001 -0.130999 -2.84954 0
0.636 2.29129 -6.58989 0
0.981001 1.82409 -6.47898 0
1.295 1.75753 -6.9066 0
1.599 1.98773 -8.45229 0
1.922 0.135977 -2.18084 0
2.286 -0.660457 2.63206 0

R_FourthRoot R_Root
TransKeyFrames:7
0.311001 0 0 0
0.636 0 0 0
0.981001 0 0 0
1.295 0 0 0
1.599 0 0 0
1.922 0 0 0
2.286 0 0 0
RotKeyFrames:7
0.311001 -1.07521 -7.51939 0
0.636 1.39829 -6.36047 0
0.981001 4.38371 -21.9868 0
1.295 3.47156 -24.0164 0
1.599 1.538 -23.0621 0
1.922 -0.515916 -10.9211 0
2.286 -0.633113 -10.1649 0

R_LittleRoot R_Root
TransKeyFrames:7
0.311001 0 0 0
0.636 0 0 0
0.981001 0 0 0
1.295 0 0 0
1.599 0 0 0
1.922 0 0 0
2.286 0 0 0
RotKeyFrames:7
0.311001 -2.71792 -12.2591 0
0.636 12.4093 -22.9553 0
0.981001 11.7847 -36.2629 0
1.295 11.8983 -36.4843 0
1.599 13.9471 -20.9741 0
1.922 -2.45251 -8.0733 0
2.286 -2.84269 -5.8912 0

R_ThumbMiddle R_ThumbRoot
TransKeyFrames:7
0.311001 0 0 0
0.636 0 0 0
0.981001 0 0 0
1.295 0 0 0
1.599 0 0 0
1.922 0 0 0
2.286 0 0 0
RotKeyFrames:7
0.311001 5.9668 4.5526 0
0.636 -0.808485 16.4992 0
0.981001 0.753532 15.5739 0
1.295 -0.710741 16.4711 0
1.599 -8.19468 16.6708 0
1.922 15.1602 -13.2052 0
2.286 10.2546 -12.7246 0

R_ThumbTip R_ThumbMiddle
TransKeyFrames:7
0.311001 0 0 0
0.636 0 0 0
0.981001 0 0 0
1.295 0 0 0
1.599 0 0 0
1.922 0 0 0
2.286 0 0 0
RotKeyFrames:7
0.311001 0 -0 0
0.636 0 -0 0
0.981001 0 -0 0
1.295 0 -0 0
1.599 0 -0 0
1.922 0 -0 0
2.286 0 -0 0

R_IndexMiddle1 R_IndexRoot
TransKeyFrames:7
0.311001 0 0 0
0.636 0 0 0
0.981001 0 0 0
1.295 0 0 0
1.599 0 0 0
1.922 0 0 0
2.286 0 0 0
RotKeyFrames:7
0.311001 -0.264136 0.407555 0
0.636 -1.61544 1.22688 0
0.981001 0.06498 0.0958618 0
1.295 0.0729743 0.138556 0
1.599 0 -0 0
1.922 -0.47859 0.805093 0
2.286 -0 -0 0

R_IndexMiddle2 R_IndexMiddle1
TransKeyFrames:7
0.311001 0 0 0
0.636 0 0 0
0.981001 0 0 0
1.295 0 0 0
1.599 0 0 0
1.922 0 0 0
2.286 0 0 0
RotKeyFrames:7
0.311001 -0.166039 0.258332 0
0.636 -2.9119 2.39356 0
0.981001 -0 -0 0
1.295 0 -0 0
1.599 -5.68175 6.6702 0
1.922 -3.72395 6.53361 0
2.286 -0.0633126 0.153772 0

R_IndexTip R_IndexMiddle2
TransKeyFrames:7
0.311001 0 0 0
0.636 0 0 0
0.981001 0 0 0
1.295 0 0 0
1.599 0 0 0
1.922 0 0 0
2.286 0 0 0
RotKeyFrames:7
0.311001 0 -0 0
0.636 0 -0 0
0.981001 0 -0 0
1.295 0 -0 0
1.599 0 -0 0
1.922 0 -0 0
2.286 0 -0 0

R_MiddleMiddle1 R_MiddleRoot
TransKeyFrames:7
0.311001 0 0 0
0.636 0 0 0
0.981001 0 0 0
1.295 0 0 0
1.599 0 0 0
1.922 0 0 0
2.286 0 0 0
RotKeyFrames:7
0.311001 -0.523357 2.32075 0
0.636 -3.14801 4.08511 0
0.981001 -0.0413974 0.0776518 0
1.295 -0 0 0
1.599 -1.00539 3.32069 0
1.922 -0 -0 0
2.286 -0.151756 0.640729 0

R_MiddleMiddle2 R_MiddleMiddle1
TransKeyFrames:7
0.311001 0 0 0
0.636 0 0 0
0.981001 0 0 0
1.295 0 0 0
1.599 0 0 0
1.922 0 0 0
2.286 0 0 0
RotKeyFrames:7
0.311001 -0.786693 3.71999 0
0.636 -0.00630518 0.00593338 0
0.981001 -0.0698256 0.135576 0
1.295 -0 -0 0
1.599 -0.903267 2.91417 0
1.922 -1.88564 5.84074 0
2.286 -1.05936 4.5933 0

R_MiddleTip R_MiddleMiddle2
TransKeyFrames:7
0.311001 0 0 0
0.636 0 0 0
0.981001 0 0 0
1.295 0 0 0
1.599 0 0 0
1.922 0 0 0
2.286 0 0 0
RotKeyFrames:7
0.311001 0 -0 0
0.636 0 -0 0
0.981001 0 -0 0
1.295 0 -0 0
1.599 0 -0 0
1.922 0 -0 0
2.286 0 -0 0

R_FourthMiddle1 R_FourthRoot
TransKeyFrames:7
0.311001 0 0 0
0.636 0 0 0
0.981001 0 0 0
1.295 0 0 0
1.599 0 0 0
1.922 0 0 0
2.286 0 0 0
RotKeyFrames:7
0.311001 3.35303 11.4054 0
0.636 0.00445413 -0.0184279 0
0.981001 -0.369901 0.489731 0
1.295 -0.33996 0.437738 0
1.599 -1.30128 3.73491 0
1.922 -0.594713 8.09247 0
2.286 -0.00185226 -0.0342046 0

R_FourthMiddle2 R_FourthMiddle1
TransKeyFrames:7
0.311001 0 0 0
0.636 0 0 0
0.981001 0 0 0
1.295 0 0 0
1.599 0 0 0
1.922 0 0 0
2.286 0 0 0
RotKeyFrames:7
0.311001 -0 -0 0
0.636 -0 0 0
0.981001 -0.223418 0.289203 0
1.295 -0.503326 0.66127 0
1.599 -0.775923 2.04513 0
1.922 -0.186882 2.04612 0
2.286 0.000377561 0.019504 0

R_FourthTip R_FourthMiddle2
TransKeyFrames:7
0.311001 0 0 0
0.636 0 0 0
0.981001 0 0 0
1.295 0 0 0
1.599 0 0 0
1.922 0 0 0
2.286 0 0 0
RotKeyFrames:7
0.311001 0 -0 0
0.636 0 -0 0
0.981001 0 -0 0
1.295 0 -0 0
1.599 0 -0 0
1.922 0 -0 0
2.286 0 -0 0

R_LittleMiddle1 R_LittleRoot
TransKeyFrames:7
0.311001 0 0 0
0.636 0 0 0
0.981001 0 0 0
1.295 0 0 0
1.599 0 0 0
1.922 0 0 0
2.286 0 0 0
RotKeyFrames:7
0.311001 -0.000509485 -0.0122377 0
0.636 -0 0 0
0.981001 -0.0542445 0.0720761 0
1.295 0 -0 0
1.599 -0.189753 0.619307 0
1.922 0.758198 3.60168 0
2.286 -0.000258408 0.00648122 0

R_LittleMiddle2 R_LittleMiddle1
TransKeyFrames:7
0.311001 0 0 0
0.636 0 0 0
0.981001 0 0 0
1.295 0 0 0
1.599 0 0 0
1.922 0 0 0
2.286 0 0 0
RotKeyFrames:7
0.311001 26.6049 31.138 0
0.636 0.0261835 14.3224 0
0.981001 -0.03049 0.0403541 0
1.295 -0 0 0
1.599 0.0126576 -0.0151831 0
1.922 4.444 17.918 0
2.286 0.332487 1.2502 0

R_LittleTip R_LittleMiddle2
TransKeyFrames:7
0.311001 0 0 0
0.636 0 0 0
0.981001 0 0 0
1.295 0 0 0
1.599 0 0 0
1.922 0 0 0
2.286 0 0 0
RotKeyFrames:7
0.311001 0 -0 0
0.636 0 -0 0
0.981001 0 -0 0
1.295 0 -0 0
1.599 0 -0 0
1.922 0 -0 0
2.286 0 -0 0

