3
0 6.348
0 0.0832651 -0.0467429 0.363724
1 0.0621776 -0.0449583 0.366137
2 0.0265598 -0.0358592 0.356515
3 -0.00455935 -0.0283775 0.35087
4 -0.0224161 -0.0171002 0.345466
5 0.0323332 0.0214263 0.37617
6 0.0109396 0.0593427 0.369794
7 0.000242731 0.0783009 0.366606
8 -0.00402635 0.0843737 0.348035
9 0.0559788 0.0298235 0.374542
10 0.0450412 0.0743525 0.388739
11 0.0407861 0.0824957 0.362289
12 0.0431485 0.0694572 0.347309
13 0.0769566 0.032512 0.372605
14 0.0652996 0.0718541 0.385462
15 0.0617821 0.0781374 0.364674
16 0.0619997 0.0730746 0.345326
17 0.103933 0.028261 0.369314
18 0.0868104 0.0553721 0.350853
19 0.083385 0.0586327 0.334524
20 0.0850522 0.0533021 0.320603
21 -0.117576 -0.0429167 0.390789
22 -0.0967005 -0.0420085 0.394922
23 -0.0689888 -0.0338364 0.370238
24 -0.0541975 -0.0293521 0.341649
25 -0.0416578 -0.018979 0.327144
26 -0.0617327 0.0224859 0.390923
27 -0.0416199 0.0549708 0.369101
28 -0.0377759 0.0501565 0.347981
29 -0.0342813 0.0457799 0.328781
30 -0.0842574 0.03176 0.384686
31 -0.0686921 0.0769909 0.388672
32 -0.0605002 0.0797639 0.362041
33 -0.0552305 0.079966 0.342749
34 -0.104645 0.0352748 0.379886
35 -0.0921935 0.0764318 0.380132
36 -0.0860593 0.0787726 0.359134
37 -0.0804828 0.0809005 0.340046
38 -0.131518 0.032165 0.374903
39 -0.121813 0.0661265 0.363884
40 -0.118187 0.0644903 0.347356
41 -0.114988 0.0630466 0.332772
1 6.705
0 0.0855127 -0.0482798 0.367079
1 0.0661574 -0.0469545 0.375871
2 0.0312756 -0.0404985 0.362249
3 0.00415895 -0.0355394 0.345034
4 -0.0145604 -0.0255519 0.340026
5 0.0379533 0.0190306 0.391644
6 0.0247607 0.0609855 0.390323
7 0.0173141 0.0563989 0.370136
8 0.0105445 0.0522293 0.351784
9 0.0595245 0.0279837 0.382327
10 0.0515462 0.0729333 0.397155
11 0.0394 0.0769102 0.372242
12 0.0307242 0.0797508 0.354447
13 0.0787225 0.0311466 0.373813
14 0.0736953 0.0720253 0.386168
15 0.0637441 0.0807493 0.368594
16 0.0580465 0.0729482 0.351082
17 0.103508 0.0274755 0.362463
18 0.0893468 0.0610386 0.355984
19 0.0824457 0.0608026 0.34045
20 0.0763565 0.0605944 0.326743
21 -0.11341 -0.0447653 0.390135
22 -0.0925744 -0.0431853 0.394264
23 -0.0655614 -0.0343128 0.369053
24 -0.0554606 -0.0309676 0.338345
25 -0.047113 -0.0214903 0.320575
26 -0.0594772 0.0222147 0.389196
27 -0.0496737 0.0648119 0.384159
28 -0.045451 0.0597725 0.363165
29 -0.0416122 0.0551912 0.344079
30 -0.0822532 0.0307282 0.382789
31 -0.0657053 0.0757481 0.380951
32 -0.0582253 0.0756847 0.353968
33 -0.0528824 0.0756394 0.334695
34 -0.102729 0.0335716 0.377919
35 -0.0903129 0.0745597 0.374069
36 -0.0841232 0.0769307 0.353091
37 -0.0784962 0.0790861 0.334021
38 -0.129495 0.0296037 0.372972
39 -0.120509 0.0638392 0.362193
40 -0.116827 0.0619377 0.345706
41 -0.113578 0.0602599 0.331159
2 7.04
0 0.102529 -0.0550597 0.371205
1 0.0837182 -0.060088 0.37984
2 0.0473342 -0.0612893 0.368942
3 0.0252845 -0.0658031 0.345497
4 0.0142071 -0.0630458 0.326925
5 0.0252389 -0.0176312 0.366579
6 -0.010091 0.00482469 0.353031
7 -0.0112297 -0.00984233 0.336673
8 -0.0122648 -0.023176 0.321802
9 0.0411438 -0.00392079 0.352746
10 0.00683078 0.0294854 0.349484
11 -0.00154316 0.0158348 0.326516
12 0.00824027 -0.000533801 0.320486
13 0.0576297 0.00454656 0.342374
14 0.0236695 0.0309194 0.34279
15 0.016915 0.020001 0.324925
16 0.0185734 0.00597681 0.310762
17 0.0826752 0.00945136 0.332113
18 0.0525836 0.0263439 0.318766
19 0.0437517 0.021716 0.304997
20 0.0359589 0.0176326 0.292848
21 -0.0997769 -0.111479 0.351882
22 -0.0995252 -0.0973855 0.367851
23 -0.0814605 -0.0646609 0.37469
24 -0.057054 -0.0435662 0.370742
25 -0.0424819 -0.032097 0.359281
26 -0.112291 -0.0264148 0.353764
27 -0.128274 0.0106545 0.33626
28 -0.130434 0.0302716 0.326538
29 -0.114215 0.0402075 0.320355
30 -0.11471 -0.033909 0.329883
31 -0.125143 0.0119669 0.320368
32 -0.0982374 0.0182631 0.315848
33 -0.0833902 0.00493889 0.317272
34 -0.115877 -0.0443622 0.311433
35 -0.125483 -0.00244895 0.311358
36 -0.105503 0.00619841 0.308196
37 -0.0888201 -0.00464765 0.306181
38 -0.115795 -0.0639636 0.292135
39 -0.120456 -0.0287171 0.28189
40 -0.108756 -0.0173028 0.27722
41 -0.0940414 -0.0201454 0.276578
Object info.
