12
0 0.374
0 69.3213 -108.168 643.633
1 -68.5609 -50.6201 656.927
2 147.716 65.8667 703.35
3 9.83397 123.415 716.645
1 0.717
0 60.4176 -118.134 633.495
1 -77.8245 -62.2463 649.795
2 137.868 54.707 697.741
3 -0.374464 110.595 714.04
2 1.139
0 54.8209 -112.874 640.162
1 -83.3946 -55.5845 650.856
2 131.584 60.3851 704.104
3 -6.6319 117.675 714.799
3 1.544
0 38.25 -99.75 649.564
1 -98.659 -39.2868 659.571
2 119.341 74.9441 703.474
3 -17.5683 135.407 713.481
4 1.965
0 -4.56847 -86.5658 637.872
1 -118.661 6.53783 666.416
2 125.23 57.3191 687.366
3 11.1375 150.423 715.909
5 2.371
0 -9.8481 -91.4637 657.289
1 -120.958 8.05547 673.117
2 124.225 52.4784 693.417
3 13.1145 151.998 709.244
6 4.883
0 -92.4539 129.375 717.437
1 38.3254 175.352 660.141
2 -71.8336 -46.0908 623.7
3 58.9456 -0.11327 566.404
7 5.319
0 -50.9463 185.059 610.412
1 60.4497 88.044 636.472
2 -184.645 38.7694 637.324
3 -73.2487 -58.2451 663.383
8 5.756
0 -35.6313 178.861 614.642
1 70.9753 78.979 648.681
2 -174.787 36.2668 632.043
3 -68.1799 -63.6149 666.082
9 6.068
0 -29.8906 158.802 712.573
1 79.2248 71.3245 658.337
2 -165.215 19.3496 665.241
3 -56.0999 -68.1276 611.005
10 6.458
0 -20.6977 169.147 692.692
1 86.6693 67.7988 666.219
2 -159.64 26.2184 676.366
3 -52.2726 -75.13 649.893
11 8.986
0 116.945 75.4501 679.84
1 14.7482 -34.1371 673.02
2 -22.776 208.954 628.316
3 -124.973 99.3671 621.496